birth_year,trip_duration
1929.0,28.266666666666666
1932.0,15.288333333333332
1933.0,13.726666666666667
1934.0,9.05
1935.0,15.569047619047618
1936.0,13.520833333333334
1937.0,15.202380952380953
1938.0,9.733333333333333
1939.0,13.727083333333333
1940.0,14.454166666666667
1941.0,16.035185185185185
1942.0,13.524074074074074
1943.0,13.095098039215687
1944.0,14.28780487804878
1945.0,12.592105263157894
1946.0,13.525833333333333
1947.0,12.998404255319148
1948.0,13.107482993197278
1949.0,15.310533333333332
1950.0,13.56300578034682
1951.0,13.95016501650165
1952.0,12.828490028490029
1953.0,13.143416927899686
1954.0,12.801147540983607
1955.0,13.867207472959684
1956.0,12.988101265822785
1957.0,12.43945054945055
1958.0,12.923263075722092
1959.0,12.089310562934852
1960.0,13.466062602965403
1961.0,12.759132841328412
1962.0,12.99920279023418
1963.0,12.817454954954956
1964.0,12.744256259204713
1965.0,12.286875
1966.0,12.382543539894694
1967.0,12.346150929086082
1968.0,12.908780952380953
1969.0,12.547350674373796
1970.0,11.946489648964898
1971.0,12.33045138888889
1972.0,12.29013902360168
1973.0,12.507011378848727
1974.0,12.271638418079096
1975.0,12.184286133098798
1976.0,12.27266720604099
1977.0,12.59087747458534
1978.0,12.358565493646138
1979.0,12.561896893588896
1980.0,12.186265432098766
1981.0,12.196117581808098
1982.0,12.574584034398953
1983.0,12.232568893922235
1984.0,12.403885135135136
1985.0,11.952011019283747
1986.0,12.214694918579557
1987.0,12.281193470108096
1988.0,12.136543209876544
1989.0,12.148960769030916
1990.0,12.039829895041622
1991.0,12.077553191489361
1992.0,10.4725614927905
1993.0,9.627311827956989
1994.0,10.596396396396395
1995.0,10.222154471544716
1996.0,12.637626262626263
1997.0,14.38525641025641
